Int: 2019
Decimal: 42.42
String: Hello world!
Date: 2019-11-20T22:37:10.1828746+03:00
Reference:
  Int: 2019
  Decimal: 42.42
  String: Hello world!
  Date: 2019-11-20T22:37:10.1828746+03:00
Collection:
- Int: 2019
  Decimal: 42.42
  String: Hello world!
  Date: 2019-11-20T22:37:10.1828746+03:00
