Int: 2019
Decimal: 42.42
String: Hello world!
Date: 2019-11-12T22:18:29.0364998+03:00
Reference:
  Int: 2019
  Decimal: 42.42
  String: Hello world!
  Date: 2019-11-12T22:18:29.0364998+03:00
Collection:
- Int: 2019
  Decimal: 42.42
  String: Hello world!
  Date: 2019-11-12T22:18:29.0364998+03:00
