Int: 2019
Decimal: 42.42
String: Hello world!
Date: 2019-10-24T23:29:58.1077105+03:00
Reference:
  Int: 2019
  Decimal: 42.42
  String: Hello world!
  Date: 2019-10-24T23:29:58.1077105+03:00
Collection:
- Int: 2019
  Decimal: 42.42
  String: Hello world!
  Date: 2019-10-24T23:29:58.1077105+03:00
