Int: 2020
Decimal: 42.42
String: Hello world!
Date: 2020-07-31T20:49:52.3720762+03:00
Reference:
  Int: 2020
  Decimal: 42.42
  String: Hello world!
  Date: 2020-07-31T20:49:52.3720762+03:00
Collection:
- Int: 2020
  Decimal: 42.42
  String: Hello world!
  Date: 2020-07-31T20:49:52.3720762+03:00
