Int: 2020
Decimal: 42.42
String: Hello world!
Date: 2020-02-10T23:18:10.2029232+03:00
Reference:
  Int: 2020
  Decimal: 42.42
  String: Hello world!
  Date: 2020-02-10T23:18:10.2029232+03:00
Collection:
- Int: 2020
  Decimal: 42.42
  String: Hello world!
  Date: 2020-02-10T23:18:10.2029232+03:00
